    walls = []

    lights = [[[174, 104], [225, 104], [215, 139], [183, 139]],
              [[225, 104], [270, 129], [244, 155], [215, 139]],
              [[270, 129], [296, 174], [260, 183], [244, 155]],
              [[296, 174], [296, 225], [260, 215], [260, 183]],
              [[296, 225], [270, 270], [244, 244], [260, 215]],
              [[270, 270], [226, 296], [216, 260], [244, 244]],
              [[226, 296], [174, 296], [184, 260], [216, 260]],
              [[174, 296], [130, 270], [156, 244], [184, 260]],
              [[130, 270], [104, 225], [140, 215], [156, 244]],
              [[104, 225], [104, 175], [140, 184], [140, 215]],
              [[104, 175], [130, 130], [155, 155], [140, 184]],
              [[130, 130], [174, 104], [183, 139], [155, 155]]]

    lights_color = [(254, 254, 48), (250, 189, 0), (251, 154, 0), (253, 82, 2), (254, 34, 10), (168, 18, 74), (135, 0, 176), (58, 0, 165), (0, 69, 254), (0, 147, 207), (102, 177, 46), (209, 235, 39)]